3.7960496290026313
0.36813426347723927
0.7153696792234013
0.49868430353442816
0.3856560696272188
0.4396022463750239
0.2774167078861516
0.26310555580840433
4.005588417486344
5.3102043027872545
6.81795093015639
4.266201436037508
2.7452728662564816
2.4235089090502178
1.7744958827513935
4.0728117528984
0.9809425900547258
1.8467967906637466
0.9944931583356607
1.0701327147403388
0.9047475032752161
0.9220847333442828
0.9335420345989178
0.8716814137162061
4.597331400633688
2.3319041515735184
9.642293105256282
4.812546472305991
4.835583807654852
6.059653094772075
2.926058504894183
2.6025284589171194
18.370704702142746
2.2067449257260288
4.133072232824472
2.3717668889011105
2.6084589626608987
1.277618329855289
1.977132562516088
1.9217288880182606
2.1044046876247693
1.8501602005699984
1.2896892507487354
5.775016334200337
1.3101195746788652
0.9043064474421985
1.3870314214831303
1.0945280159514843
