2.765956666440487
5.123513752824446
2.6068372292234443
3.422293349480906
3.561676653894424
2.4805353341620524
2.605871598666412
2.6952810321004215
3.3782305581402965
1.847733989581105
1.6230986656565887
2.3496575641078343
1.5505320935849751
2.58005235647485
3.6321879514416815
2.062210700055016
1.8015978089097278
1.2379782685239125
1.1637529650502518
1.2379749549360906
1.9272463189188835
0.8674430980609641
1.422320415314102
1.0698912128701317
8.929732697802855
4.867495622755747
4.424478860582956
3.90825438150155
2.526213314488279
17.357809927089708
3.141054930200429
4.521921605010827
2.174024368105727
1.5520008722676417
2.018529367535402
1.3849663631077198
3.470790482276421
0.9417524592465056
1.6456593854896013
1.3697845811793268
1.3503926408533575
1.150715783310411
1.239362291846816
3.129531382771849
3.369124034753071
1.108762998062828
1.346599642114103
1.36505433611048
2.765956666440487
5.123513752824446
2.6068372292234443
3.422293349480906
3.561676653894424
2.4805353341620524
2.605871598666412
2.6952810321004215
3.3782305581402965
1.847733989581105
1.6230986656565887
2.3496575641078343
1.5505320935849751
2.58005235647485
3.6321879514416815
2.062210700055016
1.8015978089097278
1.2379782685239125
1.1637529650502518
1.2379749549360906
1.9272463189188835
0.8674430980609641
1.422320415314102
1.0698912128701317
8.929732697802855
4.867495622755747
4.424478860582956
3.90825438150155
2.526213314488279
17.357809927089708
3.141054930200429
4.521921605010827
2.174024368105727
1.5520008722676417
2.018529367535402
1.3849663631077198
3.470790482276421
0.9417524592465056
1.6456593854896013
1.3697845811793268
1.3503926408533575
1.150715783310411
1.239362291846816
3.129531382771849
3.369124034753071
1.108762998062828
1.346599642114103
1.36505433611048
2.765956666440487
5.123513752824446
2.6068372292234443
3.422293349480906
3.561676653894424
2.4805353341620524
2.605871598666412
2.6952810321004215
3.3782305581402965
1.847733989581105
1.6230986656565887
2.3496575641078343
1.5505320935849751
2.58005235647485
3.6321879514416815
2.062210700055016
1.8015978089097278
1.2379782685239125
1.1637529650502518
1.2379749549360906
1.9272463189188835
0.8674430980609641
1.422320415314102
1.0698912128701317
8.929732697802855
4.867495622755747
4.424478860582956
3.90825438150155
2.526213314488279
17.357809927089708
3.141054930200429
4.521921605010827
2.174024368105727
1.5520008722676417
2.018529367535402
1.3849663631077198
3.470790482276421
0.9417524592465056
1.6456593854896013
1.3697845811793268
1.3503926408533575
1.150715783310411
1.239362291846816
3.129531382771849
3.369124034753071
1.108762998062828
1.346599642114103
1.36505433611048
2.765956666440487
5.123513752824446
2.6068372292234443
3.422293349480906
3.561676653894424
2.4805353341620524
2.605871598666412
2.6952810321004215
3.3782305581402965
1.847733989581105
1.6230986656565887
2.3496575641078343
1.5505320935849751
2.58005235647485
3.6321879514416815
2.062210700055016
1.8015978089097278
1.2379782685239125
1.1637529650502518
1.2379749549360906
1.9272463189188835
0.8674430980609641
1.422320415314102
1.0698912128701317
8.929732697802855
4.867495622755747
4.424478860582956
3.90825438150155
2.526213314488279
17.357809927089708
3.141054930200429
4.521921605010827
2.174024368105727
1.5520008722676417
2.018529367535402
1.3849663631077198
3.470790482276421
0.9417524592465056
1.6456593854896013
1.3697845811793268
1.3503926408533575
1.150715783310411
1.239362291846816
3.129531382771849
3.369124034753071
1.108762998062828
1.346599642114103
1.36505433611048
2.765956666440487
5.123513752824446
2.6068372292234443
3.422293349480906
3.561676653894424
2.4805353341620524
2.605871598666412
2.6952810321004215
3.3782305581402965
1.847733989581105
1.6230986656565887
2.3496575641078343
1.5505320935849751
2.58005235647485
3.6321879514416815
2.062210700055016
1.8015978089097278
1.2379782685239125
1.1637529650502518
1.2379749549360906
1.9272463189188835
0.8674430980609641
1.422320415314102
1.0698912128701317
8.929732697802855
4.867495622755747
4.424478860582956
3.90825438150155
2.526213314488279
17.357809927089708
3.141054930200429
4.521921605010827
2.174024368105727
1.5520008722676417
2.018529367535402
1.3849663631077198
3.470790482276421
0.9417524592465056
1.6456593854896013
1.3697845811793268
1.3503926408533575
1.150715783310411
1.239362291846816
3.129531382771849
3.369124034753071
1.108762998062828
1.346599642114103
1.36505433611048
2.765956666440487
5.123513752824446
2.6068372292234443
3.422293349480906
3.561676653894424
2.4805353341620524
2.605871598666412
2.6952810321004215
3.3782305581402965
1.847733989581105
1.6230986656565887
2.3496575641078343
1.5505320935849751
2.58005235647485
3.6321879514416815
2.062210700055016
1.8015978089097278
1.2379782685239125
1.1637529650502518
1.2379749549360906
1.9272463189188835
0.8674430980609641
1.422320415314102
1.0698912128701317
8.929732697802855
4.867495622755747
4.424478860582956
3.90825438150155
2.526213314488279
17.357809927089708
3.141054930200429
4.521921605010827
2.174024368105727
1.5520008722676417
2.018529367535402
1.3849663631077198
3.470790482276421
0.9417524592465056
1.6456593854896013
1.3697845811793268
1.3503926408533575
1.150715783310411
1.239362291846816
3.129531382771849
3.369124034753071
1.108762998062828
1.346599642114103
1.36505433611048
2.765956666440487
5.123513752824446
2.6068372292234443
3.422293349480906
3.561676653894424
2.4805353341620524
2.605871598666412
2.6952810321004215
3.3782305581402965
1.847733989581105
1.6230986656565887
2.3496575641078343
1.5505320935849751
2.58005235647485
3.6321879514416815
2.062210700055016
1.8015978089097278
1.2379782685239125
1.1637529650502518
1.2379749549360906
1.9272463189188835
0.8674430980609641
1.422320415314102
1.0698912128701317
8.929732697802855
4.867495622755747
4.424478860582956
3.90825438150155
2.526213314488279
17.357809927089708
3.141054930200429
4.521921605010827
2.174024368105727
1.5520008722676417
2.018529367535402
1.3849663631077198
3.470790482276421
0.9417524592465056
1.6456593854896013
1.3697845811793268
1.3503926408533575
1.150715783310411
1.239362291846816
3.129531382771849
3.369124034753071
1.108762998062828
1.346599642114103
1.36505433611048
2.765956666440487
5.123513752824446
2.6068372292234443
3.422293349480906
3.561676653894424
2.4805353341620524
2.605871598666412
2.6952810321004215
3.3782305581402965
1.847733989581105
1.6230986656565887
2.3496575641078343
1.5505320935849751
2.58005235647485
3.6321879514416815
2.062210700055016
1.8015978089097278
1.2379782685239125
1.1637529650502518
1.2379749549360906
1.9272463189188835
0.8674430980609641
1.422320415314102
1.0698912128701317
8.929732697802855
4.867495622755747
4.424478860582956
3.90825438150155
2.526213314488279
17.357809927089708
3.141054930200429
4.521921605010827
2.174024368105727
1.5520008722676417
2.018529367535402
1.3849663631077198
3.470790482276421
0.9417524592465056
1.6456593854896013
1.3697845811793268
1.3503926408533575
1.150715783310411
1.239362291846816
3.129531382771849
3.369124034753071
1.108762998062828
1.346599642114103
1.36505433611048
2.765956666440487
5.123513752824446
2.6068372292234443
3.422293349480906
3.561676653894424
2.4805353341620524
2.605871598666412
2.6952810321004215
3.3782305581402965
1.847733989581105
1.6230986656565887
2.3496575641078343
1.5505320935849751
2.58005235647485
3.6321879514416815
2.062210700055016
1.8015978089097278
1.2379782685239125
1.1637529650502518
1.2379749549360906
1.9272463189188835
0.8674430980609641
1.422320415314102
1.0698912128701317
8.929732697802855
4.867495622755747
4.424478860582956
3.90825438150155
2.526213314488279
17.357809927089708
3.141054930200429
4.521921605010827
2.174024368105727
1.5520008722676417
2.018529367535402
1.3849663631077198
3.470790482276421
0.9417524592465056
1.6456593854896013
1.3697845811793268
1.3503926408533575
1.150715783310411
1.239362291846816
3.129531382771849
3.369124034753071
1.108762998062828
1.346599642114103
1.36505433611048
2.765956666440487
5.123513752824446
2.6068372292234443
3.422293349480906
3.561676653894424
2.4805353341620524
2.605871598666412
2.6952810321004215
3.3782305581402965
1.847733989581105
1.6230986656565887
2.3496575641078343
1.5505320935849751
2.58005235647485
3.6321879514416815
2.062210700055016
1.8015978089097278
1.2379782685239125
1.1637529650502518
1.2379749549360906
1.9272463189188835
0.8674430980609641
1.422320415314102
1.0698912128701317
8.929732697802855
4.867495622755747
4.424478860582956
3.90825438150155
2.526213314488279
17.357809927089708
3.141054930200429
4.521921605010827
2.174024368105727
1.5520008722676417
2.018529367535402
1.3849663631077198
3.470790482276421
0.9417524592465056
1.6456593854896013
1.3697845811793268
1.3503926408533575
1.150715783310411
1.239362291846816
3.129531382771849
3.369124034753071
1.108762998062828
1.346599642114103
1.36505433611048
2.765956666440487
5.123513752824446
2.6068372292234443
3.422293349480906
3.561676653894424
2.4805353341620524
2.605871598666412
2.6952810321004215
3.3782305581402965
1.847733989581105
1.6230986656565887
2.3496575641078343
1.5505320935849751
2.58005235647485
3.6321879514416815
2.062210700055016
1.8015978089097278
1.2379782685239125
1.1637529650502518
1.2379749549360906
1.9272463189188835
0.8674430980609641
1.422320415314102
1.0698912128701317
8.929732697802855
4.867495622755747
4.424478860582956
3.90825438150155
2.526213314488279
17.357809927089708
3.141054930200429
4.521921605010827
2.174024368105727
1.5520008722676417
2.018529367535402
1.3849663631077198
3.470790482276421
0.9417524592465056
1.6456593854896013
1.3697845811793268
1.3503926408533575
1.150715783310411
1.239362291846816
3.129531382771849
3.369124034753071
1.108762998062828
1.346599642114103
1.36505433611048
2.765956666440487
5.123513752824446
2.6068372292234443
3.422293349480906
3.561676653894424
2.4805353341620524
2.605871598666412
2.6952810321004215
3.3782305581402965
1.847733989581105
1.6230986656565887
2.3496575641078343
1.5505320935849751
2.58005235647485
3.6321879514416815
2.062210700055016
1.8015978089097278
1.2379782685239125
1.1637529650502518
1.2379749549360906
1.9272463189188835
0.8674430980609641
1.422320415314102
1.0698912128701317
8.929732697802855
4.867495622755747
4.424478860582956
3.90825438150155
2.526213314488279
17.357809927089708
3.141054930200429
4.521921605010827
2.174024368105727
1.5520008722676417
2.018529367535402
1.3849663631077198
3.470790482276421
0.9417524592465056
1.6456593854896013
1.3697845811793268
1.3503926408533575
1.150715783310411
1.239362291846816
3.129531382771849
3.369124034753071
1.108762998062828
1.346599642114103
1.36505433611048
2.765956666440487
5.123513752824446
2.6068372292234443
3.422293349480906
3.561676653894424
2.4805353341620524
2.605871598666412
2.6952810321004215
3.3782305581402965
1.847733989581105
1.6230986656565887
2.3496575641078343
1.5505320935849751
2.58005235647485
3.6321879514416815
2.062210700055016
1.8015978089097278
1.2379782685239125
1.1637529650502518
1.2379749549360906
1.9272463189188835
0.8674430980609641
1.422320415314102
1.0698912128701317
8.929732697802855
4.867495622755747
4.424478860582956
3.90825438150155
2.526213314488279
17.357809927089708
3.141054930200429
4.521921605010827
2.174024368105727
1.5520008722676417
2.018529367535402
1.3849663631077198
3.470790482276421
0.9417524592465056
1.6456593854896013
1.3697845811793268
1.3503926408533575
1.150715783310411
1.239362291846816
3.129531382771849
3.369124034753071
1.108762998062828
1.346599642114103
1.36505433611048
2.765956666440487
5.123513752824446
2.6068372292234443
3.422293349480906
3.561676653894424
2.4805353341620524
2.605871598666412
2.6952810321004215
3.3782305581402965
1.847733989581105
1.6230986656565887
2.3496575641078343
1.5505320935849751
2.58005235647485
3.6321879514416815
2.062210700055016
1.8015978089097278
1.2379782685239125
1.1637529650502518
1.2379749549360906
1.9272463189188835
0.8674430980609641
1.422320415314102
1.0698912128701317
8.929732697802855
4.867495622755747
4.424478860582956
3.90825438150155
2.526213314488279
17.357809927089708
3.141054930200429
4.521921605010827
2.174024368105727
1.5520008722676417
2.018529367535402
1.3849663631077198
3.470790482276421
0.9417524592465056
1.6456593854896013
1.3697845811793268
1.3503926408533575
1.150715783310411
1.239362291846816
3.129531382771849
3.369124034753071
1.108762998062828
1.346599642114103
1.36505433611048
2.765956666440487
5.123513752824446
2.6068372292234443
3.422293349480906
3.561676653894424
2.4805353341620524
2.605871598666412
2.6952810321004215
3.3782305581402965
1.847733989581105
1.6230986656565887
2.3496575641078343
1.5505320935849751
2.58005235647485
3.6321879514416815
2.062210700055016
1.8015978089097278
1.2379782685239125
1.1637529650502518
1.2379749549360906
1.9272463189188835
0.8674430980609641
1.422320415314102
1.0698912128701317
8.929732697802855
4.867495622755747
4.424478860582956
3.90825438150155
2.526213314488279
17.357809927089708
3.141054930200429
4.521921605010827
2.174024368105727
1.5520008722676417
2.018529367535402
1.3849663631077198
3.470790482276421
0.9417524592465056
1.6456593854896013
1.3697845811793268
1.3503926408533575
1.150715783310411
1.239362291846816
3.129531382771849
3.369124034753071
1.108762998062828
1.346599642114103
1.36505433611048
2.765956666440487
5.123513752824446
2.6068372292234443
3.422293349480906
3.561676653894424
2.4805353341620524
2.605871598666412
2.6952810321004215
3.3782305581402965
1.847733989581105
1.6230986656565887
2.3496575641078343
1.5505320935849751
2.58005235647485
3.6321879514416815
2.062210700055016
1.8015978089097278
1.2379782685239125
1.1637529650502518
1.2379749549360906
1.9272463189188835
0.8674430980609641
1.422320415314102
1.0698912128701317
8.929732697802855
4.867495622755747
4.424478860582956
3.90825438150155
2.526213314488279
17.357809927089708
3.141054930200429
4.521921605010827
2.174024368105727
1.5520008722676417
2.018529367535402
1.3849663631077198
3.470790482276421
0.9417524592465056
1.6456593854896013
1.3697845811793268
1.3503926408533575
1.150715783310411
1.239362291846816
3.129531382771849
3.369124034753071
1.108762998062828
1.346599642114103
1.36505433611048
2.765956666440487
5.123513752824446
2.6068372292234443
3.422293349480906
3.561676653894424
2.4805353341620524
2.605871598666412
2.6952810321004215
3.3782305581402965
1.847733989581105
1.6230986656565887
2.3496575641078343
1.5505320935849751
2.58005235647485
3.6321879514416815
2.062210700055016
1.8015978089097278
1.2379782685239125
1.1637529650502518
1.2379749549360906
1.9272463189188835
0.8674430980609641
1.422320415314102
1.0698912128701317
8.929732697802855
4.867495622755747
4.424478860582956
3.90825438150155
2.526213314488279
17.357809927089708
3.141054930200429
4.521921605010827
2.174024368105727
1.5520008722676417
2.018529367535402
1.3849663631077198
3.470790482276421
0.9417524592465056
1.6456593854896013
1.3697845811793268
1.3503926408533575
1.150715783310411
1.239362291846816
3.129531382771849
3.369124034753071
1.108762998062828
1.346599642114103
1.36505433611048
2.765956666440487
5.123513752824446
2.6068372292234443
3.422293349480906
3.561676653894424
2.4805353341620524
2.605871598666412
2.6952810321004215
3.3782305581402965
1.847733989581105
1.6230986656565887
2.3496575641078343
1.5505320935849751
2.58005235647485
3.6321879514416815
2.062210700055016
1.8015978089097278
1.2379782685239125
1.1637529650502518
1.2379749549360906
1.9272463189188835
0.8674430980609641
1.422320415314102
1.0698912128701317
8.929732697802855
4.867495622755747
4.424478860582956
3.90825438150155
2.526213314488279
17.357809927089708
3.141054930200429
4.521921605010827
2.174024368105727
1.5520008722676417
2.018529367535402
1.3849663631077198
3.470790482276421
0.9417524592465056
1.6456593854896013
1.3697845811793268
1.3503926408533575
1.150715783310411
1.239362291846816
3.129531382771849
3.369124034753071
1.108762998062828
1.346599642114103
1.36505433611048
2.765956666440487
5.123513752824446
2.6068372292234443
3.422293349480906
3.561676653894424
2.4805353341620524
2.605871598666412
2.6952810321004215
3.3782305581402965
1.847733989581105
1.6230986656565887
2.3496575641078343
1.5505320935849751
2.58005235647485
3.6321879514416815
2.062210700055016
1.8015978089097278
1.2379782685239125
1.1637529650502518
1.2379749549360906
1.9272463189188835
0.8674430980609641
1.422320415314102
1.0698912128701317
8.929732697802855
4.867495622755747
4.424478860582956
3.90825438150155
2.526213314488279
17.357809927089708
3.141054930200429
4.521921605010827
2.174024368105727
1.5520008722676417
2.018529367535402
1.3849663631077198
3.470790482276421
0.9417524592465056
1.6456593854896013
1.3697845811793268
1.3503926408533575
1.150715783310411
1.239362291846816
3.129531382771849
3.369124034753071
1.108762998062828
1.346599642114103
1.36505433611048
2.765956666440487
5.123513752824446
2.6068372292234443
3.422293349480906
3.561676653894424
2.4805353341620524
2.605871598666412
2.6952810321004215
3.3782305581402965
1.847733989581105
1.6230986656565887
2.3496575641078343
1.5505320935849751
2.58005235647485
3.6321879514416815
2.062210700055016
1.8015978089097278
1.2379782685239125
1.1637529650502518
1.2379749549360906
1.9272463189188835
0.8674430980609641
1.422320415314102
1.0698912128701317
8.929732697802855
4.867495622755747
4.424478860582956
3.90825438150155
2.526213314488279
17.357809927089708
3.141054930200429
4.521921605010827
2.174024368105727
1.5520008722676417
2.018529367535402
1.3849663631077198
3.470790482276421
0.9417524592465056
1.6456593854896013
1.3697845811793268
1.3503926408533575
1.150715783310411
1.239362291846816
3.129531382771849
3.369124034753071
1.108762998062828
1.346599642114103
1.36505433611048
2.765956666440487
5.123513752824446
2.6068372292234443
3.422293349480906
3.561676653894424
2.4805353341620524
2.605871598666412
2.6952810321004215
3.3782305581402965
1.847733989581105
1.6230986656565887
2.3496575641078343
1.5505320935849751
2.58005235647485
3.6321879514416815
2.062210700055016
1.8015978089097278
1.2379782685239125
1.1637529650502518
1.2379749549360906
1.9272463189188835
0.8674430980609641
1.422320415314102
1.0698912128701317
8.929732697802855
4.867495622755747
4.424478860582956
3.90825438150155
2.526213314488279
17.357809927089708
3.141054930200429
4.521921605010827
2.174024368105727
1.5520008722676417
2.018529367535402
1.3849663631077198
3.470790482276421
0.9417524592465056
1.6456593854896013
1.3697845811793268
1.3503926408533575
1.150715783310411
1.239362291846816
3.129531382771849
3.369124034753071
1.108762998062828
1.346599642114103
1.36505433611048
2.765956666440487
5.123513752824446
2.6068372292234443
3.422293349480906
3.561676653894424
2.4805353341620524
2.605871598666412
2.6952810321004215
3.3782305581402965
1.847733989581105
1.6230986656565887
2.3496575641078343
1.5505320935849751
2.58005235647485
3.6321879514416815
2.062210700055016
1.8015978089097278
1.2379782685239125
1.1637529650502518
1.2379749549360906
1.9272463189188835
0.8674430980609641
1.422320415314102
1.0698912128701317
8.929732697802855
4.867495622755747
4.424478860582956
3.90825438150155
2.526213314488279
17.357809927089708
3.141054930200429
4.521921605010827
2.174024368105727
1.5520008722676417
2.018529367535402
1.3849663631077198
3.470790482276421
0.9417524592465056
1.6456593854896013
1.3697845811793268
1.3503926408533575
1.150715783310411
1.239362291846816
3.129531382771849
3.369124034753071
1.108762998062828
1.346599642114103
1.36505433611048
2.765956666440487
5.123513752824446
2.6068372292234443
3.422293349480906
3.561676653894424
2.4805353341620524
2.605871598666412
2.6952810321004215
3.3782305581402965
1.847733989581105
1.6230986656565887
2.3496575641078343
1.5505320935849751
2.58005235647485
3.6321879514416815
2.062210700055016
1.8015978089097278
1.2379782685239125
1.1637529650502518
1.2379749549360906
1.9272463189188835
0.8674430980609641
1.422320415314102
1.0698912128701317
8.929732697802855
4.867495622755747
4.424478860582956
3.90825438150155
2.526213314488279
17.357809927089708
3.141054930200429
4.521921605010827
2.174024368105727
1.5520008722676417
2.018529367535402
1.3849663631077198
3.470790482276421
0.9417524592465056
1.6456593854896013
1.3697845811793268
1.3503926408533575
1.150715783310411
1.239362291846816
3.129531382771849
3.369124034753071
1.108762998062828
1.346599642114103
1.36505433611048
2.765956666440487
5.123513752824446
2.6068372292234443
3.422293349480906
3.561676653894424
2.4805353341620524
2.605871598666412
2.6952810321004215
3.3782305581402965
1.847733989581105
1.6230986656565887
2.3496575641078343
1.5505320935849751
2.58005235647485
3.6321879514416815
2.062210700055016
1.8015978089097278
1.2379782685239125
1.1637529650502518
1.2379749549360906
1.9272463189188835
0.8674430980609641
1.422320415314102
1.0698912128701317
8.929732697802855
4.867495622755747
4.424478860582956
3.90825438150155
2.526213314488279
17.357809927089708
3.141054930200429
4.521921605010827
2.174024368105727
1.5520008722676417
2.018529367535402
1.3849663631077198
3.470790482276421
0.9417524592465056
1.6456593854896013
1.3697845811793268
1.3503926408533575
1.150715783310411
1.239362291846816
3.129531382771849
3.369124034753071
1.108762998062828
1.346599642114103
1.36505433611048
2.765956666440487
5.123513752824446
2.6068372292234443
3.422293349480906
3.561676653894424
2.4805353341620524
2.605871598666412
2.6952810321004215
3.3782305581402965
1.847733989581105
1.6230986656565887
2.3496575641078343
1.5505320935849751
2.58005235647485
3.6321879514416815
2.062210700055016
1.8015978089097278
1.2379782685239125
1.1637529650502518
1.2379749549360906
1.9272463189188835
0.8674430980609641
1.422320415314102
1.0698912128701317
8.929732697802855
4.867495622755747
4.424478860582956
3.90825438150155
2.526213314488279
17.357809927089708
3.141054930200429
4.521921605010827
2.174024368105727
1.5520008722676417
2.018529367535402
1.3849663631077198
3.470790482276421
0.9417524592465056
1.6456593854896013
1.3697845811793268
1.3503926408533575
1.150715783310411
1.239362291846816
3.129531382771849
3.369124034753071
1.108762998062828
1.346599642114103
1.36505433611048
2.765956666440487
5.123513752824446
2.6068372292234443
3.422293349480906
3.561676653894424
2.4805353341620524
2.605871598666412
2.6952810321004215
3.3782305581402965
1.847733989581105
1.6230986656565887
2.3496575641078343
1.5505320935849751
2.58005235647485
3.6321879514416815
2.062210700055016
1.8015978089097278
1.2379782685239125
1.1637529650502518
1.2379749549360906
1.9272463189188835
0.8674430980609641
1.422320415314102
1.0698912128701317
8.929732697802855
4.867495622755747
4.424478860582956
3.90825438150155
2.526213314488279
17.357809927089708
3.141054930200429
4.521921605010827
2.174024368105727
1.5520008722676417
2.018529367535402
1.3849663631077198
3.470790482276421
0.9417524592465056
1.6456593854896013
1.3697845811793268
1.3503926408533575
1.150715783310411
1.239362291846816
3.129531382771849
3.369124034753071
1.108762998062828
1.346599642114103
1.36505433611048
2.765956666440487
5.123513752824446
2.6068372292234443
3.422293349480906
3.561676653894424
2.4805353341620524
2.605871598666412
2.6952810321004215
3.3782305581402965
1.847733989581105
1.6230986656565887
2.3496575641078343
1.5505320935849751
2.58005235647485
3.6321879514416815
2.062210700055016
1.8015978089097278
1.2379782685239125
1.1637529650502518
1.2379749549360906
1.9272463189188835
0.8674430980609641
1.422320415314102
1.0698912128701317
8.929732697802855
4.867495622755747
4.424478860582956
3.90825438150155
2.526213314488279
17.357809927089708
3.141054930200429
4.521921605010827
2.174024368105727
1.5520008722676417
2.018529367535402
1.3849663631077198
3.470790482276421
0.9417524592465056
1.6456593854896013
1.3697845811793268
1.3503926408533575
1.150715783310411
1.239362291846816
3.129531382771849
3.369124034753071
1.108762998062828
1.346599642114103
1.36505433611048
2.765956666440487
5.123513752824446
2.6068372292234443
3.422293349480906
3.561676653894424
2.4805353341620524
2.605871598666412
2.6952810321004215
3.3782305581402965
1.847733989581105
1.6230986656565887
2.3496575641078343
1.5505320935849751
2.58005235647485
3.6321879514416815
2.062210700055016
1.8015978089097278
1.2379782685239125
1.1637529650502518
1.2379749549360906
1.9272463189188835
0.8674430980609641
1.422320415314102
1.0698912128701317
8.929732697802855
4.867495622755747
4.424478860582956
3.90825438150155
2.526213314488279
17.357809927089708
3.141054930200429
4.521921605010827
2.174024368105727
1.5520008722676417
2.018529367535402
1.3849663631077198
3.470790482276421
0.9417524592465056
1.6456593854896013
1.3697845811793268
1.3503926408533575
1.150715783310411
1.239362291846816
3.129531382771849
3.369124034753071
1.108762998062828
1.346599642114103
1.36505433611048
2.765956666440487
5.123513752824446
2.6068372292234443
3.422293349480906
3.561676653894424
2.4805353341620524
2.605871598666412
2.6952810321004215
3.3782305581402965
1.847733989581105
1.6230986656565887
2.3496575641078343
1.5505320935849751
2.58005235647485
3.6321879514416815
2.062210700055016
1.8015978089097278
1.2379782685239125
1.1637529650502518
1.2379749549360906
1.9272463189188835
0.8674430980609641
1.422320415314102
1.0698912128701317
8.929732697802855
4.867495622755747
4.424478860582956
3.90825438150155
2.526213314488279
17.357809927089708
3.141054930200429
4.521921605010827
2.174024368105727
1.5520008722676417
2.018529367535402
1.3849663631077198
3.470790482276421
0.9417524592465056
1.6456593854896013
1.3697845811793268
1.3503926408533575
1.150715783310411
1.239362291846816
3.129531382771849
3.369124034753071
1.108762998062828
1.346599642114103
1.36505433611048
2.765956666440487
5.123513752824446
2.6068372292234443
3.422293349480906
3.561676653894424
2.4805353341620524
2.605871598666412
2.6952810321004215
3.3782305581402965
1.847733989581105
1.6230986656565887
2.3496575641078343
1.5505320935849751
2.58005235647485
3.6321879514416815
2.062210700055016
1.8015978089097278
1.2379782685239125
1.1637529650502518
1.2379749549360906
1.9272463189188835
0.8674430980609641
1.422320415314102
1.0698912128701317
8.929732697802855
4.867495622755747
4.424478860582956
3.90825438150155
2.526213314488279
17.357809927089708
3.141054930200429
4.521921605010827
2.174024368105727
1.5520008722676417
2.018529367535402
1.3849663631077198
3.470790482276421
0.9417524592465056
1.6456593854896013
1.3697845811793268
1.3503926408533575
1.150715783310411
1.239362291846816
3.129531382771849
3.369124034753071
1.108762998062828
1.346599642114103
1.36505433611048
2.765956666440487
5.123513752824446
2.6068372292234443
3.422293349480906
3.561676653894424
2.4805353341620524
2.605871598666412
2.6952810321004215
3.3782305581402965
1.847733989581105
1.6230986656565887
2.3496575641078343
1.5505320935849751
2.58005235647485
3.6321879514416815
2.062210700055016
1.8015978089097278
1.2379782685239125
1.1637529650502518
1.2379749549360906
1.9272463189188835
0.8674430980609641
1.422320415314102
1.0698912128701317
8.929732697802855
4.867495622755747
4.424478860582956
3.90825438150155
2.526213314488279
17.357809927089708
3.141054930200429
4.521921605010827
2.174024368105727
1.5520008722676417
2.018529367535402
1.3849663631077198
3.470790482276421
0.9417524592465056
1.6456593854896013
1.3697845811793268
1.3503926408533575
1.150715783310411
1.239362291846816
3.129531382771849
3.369124034753071
1.108762998062828
1.346599642114103
1.36505433611048
2.765956666440487
5.123513752824446
2.6068372292234443
3.422293349480906
3.561676653894424
2.4805353341620524
2.605871598666412
2.6952810321004215
3.3782305581402965
1.847733989581105
1.6230986656565887
2.3496575641078343
1.5505320935849751
2.58005235647485
3.6321879514416815
2.062210700055016
1.8015978089097278
1.2379782685239125
1.1637529650502518
1.2379749549360906
1.9272463189188835
0.8674430980609641
1.422320415314102
1.0698912128701317
8.929732697802855
4.867495622755747
4.424478860582956
3.90825438150155
2.526213314488279
17.357809927089708
3.141054930200429
4.521921605010827
2.174024368105727
1.5520008722676417
2.018529367535402
1.3849663631077198
3.470790482276421
0.9417524592465056
1.6456593854896013
1.3697845811793268
1.3503926408533575
1.150715783310411
1.239362291846816
3.129531382771849
3.369124034753071
1.108762998062828
1.346599642114103
1.36505433611048
2.765956666440487
5.123513752824446
2.6068372292234443
3.422293349480906
3.561676653894424
2.4805353341620524
2.605871598666412
2.6952810321004215
3.3782305581402965
1.847733989581105
1.6230986656565887
2.3496575641078343
1.5505320935849751
2.58005235647485
3.6321879514416815
2.062210700055016
1.8015978089097278
1.2379782685239125
1.1637529650502518
1.2379749549360906
1.9272463189188835
0.8674430980609641
1.422320415314102
1.0698912128701317
8.929732697802855
4.867495622755747
4.424478860582956
3.90825438150155
2.526213314488279
17.357809927089708
3.141054930200429
4.521921605010827
2.174024368105727
1.5520008722676417
2.018529367535402
1.3849663631077198
3.470790482276421
0.9417524592465056
1.6456593854896013
1.3697845811793268
1.3503926408533575
1.150715783310411
1.239362291846816
3.129531382771849
3.369124034753071
1.108762998062828
1.346599642114103
1.36505433611048
2.765956666440487
5.123513752824446
2.6068372292234443
3.422293349480906
3.561676653894424
2.4805353341620524
2.605871598666412
2.6952810321004215
3.3782305581402965
1.847733989581105
1.6230986656565887
2.3496575641078343
1.5505320935849751
2.58005235647485
3.6321879514416815
2.062210700055016
1.8015978089097278
1.2379782685239125
1.1637529650502518
1.2379749549360906
1.9272463189188835
0.8674430980609641
1.422320415314102
1.0698912128701317
8.929732697802855
4.867495622755747
4.424478860582956
3.90825438150155
2.526213314488279
17.357809927089708
3.141054930200429
4.521921605010827
2.174024368105727
1.5520008722676417
2.018529367535402
1.3849663631077198
3.470790482276421
0.9417524592465056
1.6456593854896013
1.3697845811793268
1.3503926408533575
1.150715783310411
1.239362291846816
3.129531382771849
3.369124034753071
1.108762998062828
1.346599642114103
1.36505433611048
2.765956666440487
5.123513752824446
2.6068372292234443
3.422293349480906
3.561676653894424
2.4805353341620524
2.605871598666412
2.6952810321004215
3.3782305581402965
1.847733989581105
1.6230986656565887
2.3496575641078343
1.5505320935849751
2.58005235647485
3.6321879514416815
2.062210700055016
1.8015978089097278
1.2379782685239125
1.1637529650502518
1.2379749549360906
1.9272463189188835
0.8674430980609641
1.422320415314102
1.0698912128701317
8.929732697802855
4.867495622755747
4.424478860582956
3.90825438150155
2.526213314488279
17.357809927089708
3.141054930200429
4.521921605010827
2.174024368105727
1.5520008722676417
2.018529367535402
1.3849663631077198
3.470790482276421
0.9417524592465056
1.6456593854896013
1.3697845811793268
1.3503926408533575
1.150715783310411
1.239362291846816
3.129531382771849
3.369124034753071
1.108762998062828
1.346599642114103
1.36505433611048
2.765956666440487
5.123513752824446
2.6068372292234443
3.422293349480906
3.561676653894424
2.4805353341620524
2.605871598666412
2.6952810321004215
3.3782305581402965
1.847733989581105
1.6230986656565887
2.3496575641078343
1.5505320935849751
2.58005235647485
3.6321879514416815
2.062210700055016
1.8015978089097278
1.2379782685239125
1.1637529650502518
1.2379749549360906
1.9272463189188835
0.8674430980609641
1.422320415314102
1.0698912128701317
8.929732697802855
4.867495622755747
4.424478860582956
3.90825438150155
2.526213314488279
17.357809927089708
3.141054930200429
4.521921605010827
2.174024368105727
1.5520008722676417
2.018529367535402
1.3849663631077198
3.470790482276421
0.9417524592465056
1.6456593854896013
1.3697845811793268
1.3503926408533575
1.150715783310411
1.239362291846816
3.129531382771849
3.369124034753071
1.108762998062828
1.346599642114103
1.36505433611048
2.765956666440487
5.123513752824446
2.6068372292234443
3.422293349480906
3.561676653894424
2.4805353341620524
2.605871598666412
2.6952810321004215
3.3782305581402965
1.847733989581105
1.6230986656565887
2.3496575641078343
1.5505320935849751
2.58005235647485
3.6321879514416815
2.062210700055016
1.8015978089097278
1.2379782685239125
1.1637529650502518
1.2379749549360906
1.9272463189188835
0.8674430980609641
1.422320415314102
1.0698912128701317
8.929732697802855
4.867495622755747
4.424478860582956
3.90825438150155
2.526213314488279
17.357809927089708
3.141054930200429
4.521921605010827
2.174024368105727
1.5520008722676417
2.018529367535402
1.3849663631077198
3.470790482276421
0.9417524592465056
1.6456593854896013
1.3697845811793268
1.3503926408533575
1.150715783310411
1.239362291846816
3.129531382771849
3.369124034753071
1.108762998062828
1.346599642114103
1.36505433611048
2.765956666440487
5.123513752824446
2.6068372292234443
3.422293349480906
3.561676653894424
2.4805353341620524
2.605871598666412
2.6952810321004215
3.3782305581402965
1.847733989581105
1.6230986656565887
2.3496575641078343
1.5505320935849751
2.58005235647485
3.6321879514416815
2.062210700055016
1.8015978089097278
1.2379782685239125
1.1637529650502518
1.2379749549360906
1.9272463189188835
0.8674430980609641
1.422320415314102
1.0698912128701317
8.929732697802855
4.867495622755747
4.424478860582956
3.90825438150155
2.526213314488279
17.357809927089708
3.141054930200429
4.521921605010827
2.174024368105727
1.5520008722676417
2.018529367535402
1.3849663631077198
3.470790482276421
0.9417524592465056
1.6456593854896013
1.3697845811793268
1.3503926408533575
1.150715783310411
1.239362291846816
3.129531382771849
3.369124034753071
1.108762998062828
1.346599642114103
1.36505433611048
2.765956666440487
5.123513752824446
2.6068372292234443
3.422293349480906
3.561676653894424
2.4805353341620524
2.605871598666412
2.6952810321004215
3.3782305581402965
1.847733989581105
1.6230986656565887
2.3496575641078343
1.5505320935849751
2.58005235647485
3.6321879514416815
2.062210700055016
1.8015978089097278
1.2379782685239125
1.1637529650502518
1.2379749549360906
1.9272463189188835
0.8674430980609641
1.422320415314102
1.0698912128701317
8.929732697802855
4.867495622755747
4.424478860582956
3.90825438150155
2.526213314488279
17.357809927089708
3.141054930200429
4.521921605010827
2.174024368105727
1.5520008722676417
2.018529367535402
1.3849663631077198
3.470790482276421
0.9417524592465056
1.6456593854896013
1.3697845811793268
1.3503926408533575
1.150715783310411
1.239362291846816
3.129531382771849
3.369124034753071
1.108762998062828
1.346599642114103
1.36505433611048
2.765956666440487
5.123513752824446
2.6068372292234443
3.422293349480906
3.561676653894424
2.4805353341620524
2.605871598666412
2.6952810321004215
3.3782305581402965
1.847733989581105
1.6230986656565887
2.3496575641078343
1.5505320935849751
2.58005235647485
3.6321879514416815
2.062210700055016
1.8015978089097278
1.2379782685239125
1.1637529650502518
1.2379749549360906
1.9272463189188835
0.8674430980609641
1.422320415314102
1.0698912128701317
8.929732697802855
4.867495622755747
4.424478860582956
3.90825438150155
2.526213314488279
17.357809927089708
3.141054930200429
4.521921605010827
2.174024368105727
1.5520008722676417
2.018529367535402
1.3849663631077198
3.470790482276421
0.9417524592465056
1.6456593854896013
1.3697845811793268
1.3503926408533575
1.150715783310411
1.239362291846816
3.129531382771849
3.369124034753071
1.108762998062828
1.346599642114103
1.36505433611048
2.765956666440487
5.123513752824446
2.6068372292234443
3.422293349480906
3.561676653894424
2.4805353341620524
2.605871598666412
2.6952810321004215
3.3782305581402965
1.847733989581105
1.6230986656565887
2.3496575641078343
1.5505320935849751
2.58005235647485
3.6321879514416815
2.062210700055016
1.8015978089097278
1.2379782685239125
1.1637529650502518
1.2379749549360906
1.9272463189188835
0.8674430980609641
1.422320415314102
1.0698912128701317
8.929732697802855
4.867495622755747
4.424478860582956
3.90825438150155
2.526213314488279
17.357809927089708
3.141054930200429
4.521921605010827
2.174024368105727
1.5520008722676417
2.018529367535402
1.3849663631077198
3.470790482276421
0.9417524592465056
1.6456593854896013
1.3697845811793268
1.3503926408533575
1.150715783310411
1.239362291846816
3.129531382771849
3.369124034753071
1.108762998062828
1.346599642114103
1.36505433611048
2.765956666440487
5.123513752824446
2.6068372292234443
3.422293349480906
3.561676653894424
2.4805353341620524
2.605871598666412
2.6952810321004215
3.3782305581402965
1.847733989581105
1.6230986656565887
2.3496575641078343
1.5505320935849751
2.58005235647485
3.6321879514416815
2.062210700055016
1.8015978089097278
1.2379782685239125
1.1637529650502518
1.2379749549360906
1.9272463189188835
0.8674430980609641
1.422320415314102
1.0698912128701317
8.929732697802855
4.867495622755747
4.424478860582956
3.90825438150155
2.526213314488279
17.357809927089708
3.141054930200429
4.521921605010827
2.174024368105727
1.5520008722676417
2.018529367535402
1.3849663631077198
3.470790482276421
0.9417524592465056
1.6456593854896013
1.3697845811793268
1.3503926408533575
1.150715783310411
1.239362291846816
3.129531382771849
3.369124034753071
1.108762998062828
1.346599642114103
1.36505433611048
2.765956666440487
5.123513752824446
2.6068372292234443
3.422293349480906
3.561676653894424
2.4805353341620524
2.605871598666412
2.6952810321004215
3.3782305581402965
1.847733989581105
1.6230986656565887
2.3496575641078343
1.5505320935849751
2.58005235647485
3.6321879514416815
2.062210700055016
1.8015978089097278
1.2379782685239125
1.1637529650502518
1.2379749549360906
1.9272463189188835
0.8674430980609641
1.422320415314102
1.0698912128701317
8.929732697802855
4.867495622755747
4.424478860582956
3.90825438150155
2.526213314488279
17.357809927089708
3.141054930200429
4.521921605010827
2.174024368105727
1.5520008722676417
2.018529367535402
1.3849663631077198
3.470790482276421
0.9417524592465056
1.6456593854896013
1.3697845811793268
1.3503926408533575
1.150715783310411
1.239362291846816
3.129531382771849
3.369124034753071
1.108762998062828
1.346599642114103
1.36505433611048
2.765956666440487
5.123513752824446
2.6068372292234443
3.422293349480906
3.561676653894424
2.4805353341620524
2.605871598666412
2.6952810321004215
3.3782305581402965
1.847733989581105
1.6230986656565887
2.3496575641078343
1.5505320935849751
2.58005235647485
3.6321879514416815
2.062210700055016
1.8015978089097278
1.2379782685239125
1.1637529650502518
1.2379749549360906
1.9272463189188835
0.8674430980609641
1.422320415314102
1.0698912128701317
8.929732697802855
4.867495622755747
4.424478860582956
3.90825438150155
2.526213314488279
17.357809927089708
3.141054930200429
4.521921605010827
2.174024368105727
1.5520008722676417
2.018529367535402
1.3849663631077198
3.470790482276421
0.9417524592465056
1.6456593854896013
1.3697845811793268
1.3503926408533575
1.150715783310411
1.239362291846816
3.129531382771849
3.369124034753071
1.108762998062828
1.346599642114103
1.36505433611048
2.765956666440487
5.123513752824446
2.6068372292234443
3.422293349480906
3.561676653894424
2.4805353341620524
2.605871598666412
2.6952810321004215
3.3782305581402965
1.847733989581105
1.6230986656565887
2.3496575641078343
1.5505320935849751
2.58005235647485
3.6321879514416815
2.062210700055016
1.8015978089097278
1.2379782685239125
1.1637529650502518
1.2379749549360906
1.9272463189188835
0.8674430980609641
1.422320415314102
1.0698912128701317
8.929732697802855
4.867495622755747
4.424478860582956
3.90825438150155
2.526213314488279
17.357809927089708
3.141054930200429
4.521921605010827
2.174024368105727
1.5520008722676417
2.018529367535402
1.3849663631077198
3.470790482276421
0.9417524592465056
1.6456593854896013
1.3697845811793268
1.3503926408533575
1.150715783310411
1.239362291846816
3.129531382771849
3.369124034753071
1.108762998062828
1.346599642114103
1.36505433611048
2.765956666440487
5.123513752824446
2.6068372292234443
3.422293349480906
3.561676653894424
2.4805353341620524
2.605871598666412
2.6952810321004215
3.3782305581402965
1.847733989581105
1.6230986656565887
2.3496575641078343
1.5505320935849751
2.58005235647485
3.6321879514416815
2.062210700055016
1.8015978089097278
1.2379782685239125
1.1637529650502518
1.2379749549360906
1.9272463189188835
0.8674430980609641
1.422320415314102
1.0698912128701317
8.929732697802855
4.867495622755747
4.424478860582956
3.90825438150155
2.526213314488279
17.357809927089708
3.141054930200429
4.521921605010827
2.174024368105727
1.5520008722676417
2.018529367535402
1.3849663631077198
3.470790482276421
0.9417524592465056
1.6456593854896013
1.3697845811793268
1.3503926408533575
1.150715783310411
1.239362291846816
3.129531382771849
3.369124034753071
1.108762998062828
1.346599642114103
1.36505433611048
2.765956666440487
5.123513752824446
2.6068372292234443
3.422293349480906
3.561676653894424
2.4805353341620524
2.605871598666412
2.6952810321004215
3.3782305581402965
1.847733989581105
1.6230986656565887
2.3496575641078343
1.5505320935849751
2.58005235647485
3.6321879514416815
2.062210700055016
1.8015978089097278
1.2379782685239125
1.1637529650502518
1.2379749549360906
1.9272463189188835
0.8674430980609641
1.422320415314102
1.0698912128701317
8.929732697802855
4.867495622755747
4.424478860582956
3.90825438150155
2.526213314488279
17.357809927089708
3.141054930200429
4.521921605010827
2.174024368105727
1.5520008722676417
2.018529367535402
1.3849663631077198
3.470790482276421
0.9417524592465056
1.6456593854896013
1.3697845811793268
1.3503926408533575
1.150715783310411
1.239362291846816
3.129531382771849
3.369124034753071
1.108762998062828
1.346599642114103
1.36505433611048
2.765956666440487
5.123513752824446
2.6068372292234443
3.422293349480906
3.561676653894424
2.4805353341620524
2.605871598666412
2.6952810321004215
3.3782305581402965
1.847733989581105
1.6230986656565887
2.3496575641078343
1.5505320935849751
2.58005235647485
3.6321879514416815
2.062210700055016
1.8015978089097278
1.2379782685239125
1.1637529650502518
1.2379749549360906
1.9272463189188835
0.8674430980609641
1.422320415314102
1.0698912128701317
8.929732697802855
4.867495622755747
4.424478860582956
3.90825438150155
2.526213314488279
17.357809927089708
3.141054930200429
4.521921605010827
2.174024368105727
1.5520008722676417
2.018529367535402
1.3849663631077198
3.470790482276421
0.9417524592465056
1.6456593854896013
1.3697845811793268
1.3503926408533575
1.150715783310411
1.239362291846816
3.129531382771849
3.369124034753071
1.108762998062828
1.346599642114103
1.36505433611048
2.765956666440487
5.123513752824446
2.6068372292234443
3.422293349480906
3.561676653894424
2.4805353341620524
2.605871598666412
2.6952810321004215
3.3782305581402965
1.847733989581105
1.6230986656565887
2.3496575641078343
1.5505320935849751
2.58005235647485
3.6321879514416815
2.062210700055016
1.8015978089097278
1.2379782685239125
1.1637529650502518
1.2379749549360906
1.9272463189188835
0.8674430980609641
1.422320415314102
1.0698912128701317
8.929732697802855
4.867495622755747
4.424478860582956
3.90825438150155
2.526213314488279
17.357809927089708
3.141054930200429
4.521921605010827
2.174024368105727
1.5520008722676417
2.018529367535402
1.3849663631077198
3.470790482276421
0.9417524592465056
1.6456593854896013
1.3697845811793268
1.3503926408533575
1.150715783310411
1.239362291846816
3.129531382771849
3.369124034753071
1.108762998062828
1.346599642114103
1.36505433611048
